0000000000000100000000010000000000000000000000000000000000000000000000000000000000001110000000100000000000000000000000000000000000000000000000000000000000000010000110010000000000000000000000000000000000000000000000000000000000000010000010100000000000000000000000000000000000000000000000000000000000000100000000000000000000000000000000100000000000001110000000110011101100010110000000110000001100010011001101100000100000110111001100000000100000111001000000100000100000000000000101010000001100000010000101110000000000100101001110000010010000000011000011110011101000001111000100110011000100001111001101010001011000001111000101110000000000001111001101000000000000000000000000000000000000000000000000000000000000001101
01010101
01011100
10110101
01001001
00100000

00000000
00000000
00000000
00000000
00000000
00000000
00000000
00001001 9 

01011100
10110101
01001001
00100000