00000000
00000100 4 Bases

00000001 

00000000
00000000
00000000
00000000
00000000
00000000
00000000
00001110 14

00000001

00000000
00000000
00000000
00000000
00000000
00000000
00000000
00000010 2

00000000

00000000
00000000
00000000
00000000
00000000
00000000
00000000
00000010 2

00000001

00000000
00000000
00000000
00000000
00000000
00000000
00000000
00000100 4

00000000
00000000
00000000
00000010 2 Secuencias

00000000
00001110 14 Tamaño de línea descriptiva 

00111110 62 ASCII (>)
01000110 70 ASCII (F)
01110101
01101100
01101100
01011111
01010011
01000101
01010001
01010101
01000101
01001110
01000011
01000101

00000000
00010101 21 Tamaño de línea descriptiva 

00111110 62 ASCII (>)
01001001 73 ASCII (I)
01101110
01100011
01101111
01101101
01110000
01101100
01100101
01110100
01100101
01011111
01110011
01100101
01110001
01110101
01100101
01101110
01100011
01100101
00100000

00000000
00000000
00000000
00000000
00000000
00000000
00000000
00001101
11111100
01010110
01100000
00000000
00000000
00000000
00000000
00000000
00000000
00000000
00001001
11000101
01100110
