00000000
00000100

00000001

00000000
00000000
00000000
00000000
00000000
00000000
00000000
00001110

00000010

00000000
00000000
00000000
00000000
00000000
00000000
00000000
00000010

00011001

00000000
00000000
00000000
00000000
00000000
00000000
00000000
00000010

00001010

00000000
00000000
00000000
00000000
00000000
00000000
00000000
00000100

00000000
00000000
00000000
00000010

00000000
00001110 14 (Tamaño del nombre —línea descriptiva- de la primera secuencia) 

00000011
00111011
00010110
00000011
00000011
00010011
00110110
00001000
00110111
00110000
00001000
00111001
00000010
00001000

00000000
00010101 21 (Tamaño del nombre —línea descriptiva- de la segunda secuencia)

00000011
00000010
00010111
00000000
00100101
00111000
00100100
00000011
00001111
00111010
00001111
00010011
00110001
00001111
00110101
00010110
00001111
00010111
00000000
00001111
00110100

00000000
00000000
00000000
00000000
00000000
00000000
00000000
00001101 13 (Longitud de la primera secuencia)

0101 AA
0101 AA
0101 AA
1100
10110101
01001001
00100000
00000000
00000000
00000000
00000000
00000000
00000000
00000001
00101011
10010110
10101001
001001